--------------------
Cycle 1:	64	LDUR X9, [XZR, #124]

Registers
X00:	0	0	0	0	0	0	0	0
X08:	0	136	0	0	0	0	0	0
X16:	0	0	0	0	0	0	0	0
X24:	0	0	0	0	0	0	0	0

Data
124:	136	156	6	-3	1	4	-1	5
156:	9	2	1	0	0	7	4	5

--------------------
Cycle 2:	68	LDUR X10, [XZR, #128]

Registers
X00:	0	0	0	0	0	0	0	0
X08:	0	136	156	0	0	0	0	0
X16:	0	0	0	0	0	0	0	0
X24:	0	0	0	0	0	0	0	0

Data
124:	136	156	6	-3	1	4	-1	5
156:	9	2	1	0	0	7	4	5

--------------------
Cycle 3:	72	LDUR X11, [XZR, #132]

Registers
X00:	0	0	0	0	0	0	0	0
X08:	0	136	156	6	0	0	0	0
X16:	0	0	0	0	0	0	0	0
X24:	0	0	0	0	0	0	0	0

Data
124:	136	156	6	-3	1	4	-1	5
156:	9	2	1	0	0	7	4	5

--------------------
Cycle 4:	76	LDUR X12, [X9, #0]

Registers
X00:	0	0	0	0	0	0	0	0
X08:	0	136	156	6	-3	0	0	0
X16:	0	0	0	0	0	0	0	0
X24:	0	0	0	0	0	0	0	0

Data
124:	136	156	6	-3	1	4	-1	5
156:	9	2	1	0	0	7	4	5

--------------------
Cycle 5:	80	LDUR X13, [X10, #0]

Registers
X00:	0	0	0	0	0	0	0	0
X08:	0	136	156	6	-3	9	0	0
X16:	0	0	0	0	0	0	0	0
X24:	0	0	0	0	0	0	0	0

Data
124:	136	156	6	-3	1	4	-1	5
156:	9	2	1	0	0	7	4	5

--------------------
Cycle 6:	84	CBZ X13, #3

Registers
X00:	0	0	0	0	0	0	0	0
X08:	0	136	156	6	-3	9	0	0
X16:	0	0	0	0	0	0	0	0
X24:	0	0	0	0	0	0	0	0

Data
124:	136	156	6	-3	1	4	-1	5
156:	9	2	1	0	0	7	4	5

--------------------
Cycle 7:	88	LDUR X14, [XZR, #152]

Registers
X00:	0	0	0	0	0	0	0	0
X08:	0	136	156	6	-3	9	5	0
X16:	0	0	0	0	0	0	0	0
X24:	0	0	0	0	0	0	0	0

Data
124:	136	156	6	-3	1	4	-1	5
156:	9	2	1	0	0	7	4	5

--------------------
Cycle 8:	92	LSR X12, X12, X14

Registers
X00:	0	0	0	0	0	0	0	0
X08:	0	136	156	6	134217727	9	5	0
X16:	0	0	0	0	0	0	0	0
X24:	0	0	0	0	0	0	0	0

Data
124:	136	156	6	-3	1	4	-1	5
156:	9	2	1	0	0	7	4	5

--------------------
Cycle 9:	96	EOR X15, X12, X13

Registers
X00:	0	0	0	0	0	0	0	0
X08:	0	136	156	6	134217727	9	5	134217718
X16:	0	0	0	0	0	0	0	0
X24:	0	0	0	0	0	0	0	0

Data
124:	136	156	6	-3	1	4	-1	5
156:	9	2	1	0	0	7	4	5

--------------------
Cycle 10:	100	STUR X15, [X9, #0]

Registers
X00:	0	0	0	0	0	0	0	0
X08:	0	136	156	6	134217727	9	5	134217718
X16:	0	0	0	0	0	0	0	0
X24:	0	0	0	0	0	0	0	0

Data
124:	136	156	6	134217718	1	4	-1	5
156:	9	2	1	0	0	7	4	5

--------------------
Cycle 11:	104	ADDI X9, X9, #4

Registers
X00:	0	0	0	0	0	0	0	0
X08:	0	140	156	6	134217727	9	5	134217718
X16:	0	0	0	0	0	0	0	0
X24:	0	0	0	0	0	0	0	0

Data
124:	136	156	6	134217718	1	4	-1	5
156:	9	2	1	0	0	7	4	5

--------------------
Cycle 12:	108	ADDI X10, X10, #4

Registers
X00:	0	0	0	0	0	0	0	0
X08:	0	140	160	6	134217727	9	5	134217718
X16:	0	0	0	0	0	0	0	0
X24:	0	0	0	0	0	0	0	0

Data
124:	136	156	6	134217718	1	4	-1	5
156:	9	2	1	0	0	7	4	5

--------------------
Cycle 13:	112	SUBI X11, X11, #1

Registers
X00:	0	0	0	0	0	0	0	0
X08:	0	140	160	5	134217727	9	5	134217718
X16:	0	0	0	0	0	0	0	0
X24:	0	0	0	0	0	0	0	0

Data
124:	136	156	6	134217718	1	4	-1	5
156:	9	2	1	0	0	7	4	5

--------------------
Cycle 14:	116	CBNZ X11, #-10

Registers
X00:	0	0	0	0	0	0	0	0
X08:	0	140	160	5	134217727	9	5	134217718
X16:	0	0	0	0	0	0	0	0
X24:	0	0	0	0	0	0	0	0

Data
124:	136	156	6	134217718	1	4	-1	5
156:	9	2	1	0	0	7	4	5

--------------------
Cycle 15:	76	LDUR X12, [X9, #0]

Registers
X00:	0	0	0	0	0	0	0	0
X08:	0	140	160	5	1	9	5	134217718
X16:	0	0	0	0	0	0	0	0
X24:	0	0	0	0	0	0	0	0

Data
124:	136	156	6	134217718	1	4	-1	5
156:	9	2	1	0	0	7	4	5

--------------------
Cycle 16:	80	LDUR X13, [X10, #0]

Registers
X00:	0	0	0	0	0	0	0	0
X08:	0	140	160	5	1	2	5	134217718
X16:	0	0	0	0	0	0	0	0
X24:	0	0	0	0	0	0	0	0

Data
124:	136	156	6	134217718	1	4	-1	5
156:	9	2	1	0	0	7	4	5

--------------------
Cycle 17:	84	CBZ X13, #3

Registers
X00:	0	0	0	0	0	0	0	0
X08:	0	140	160	5	1	2	5	134217718
X16:	0	0	0	0	0	0	0	0
X24:	0	0	0	0	0	0	0	0

Data
124:	136	156	6	134217718	1	4	-1	5
156:	9	2	1	0	0	7	4	5

--------------------
Cycle 18:	88	LDUR X14, [XZR, #152]

Registers
X00:	0	0	0	0	0	0	0	0
X08:	0	140	160	5	1	2	5	134217718
X16:	0	0	0	0	0	0	0	0
X24:	0	0	0	0	0	0	0	0

Data
124:	136	156	6	134217718	1	4	-1	5
156:	9	2	1	0	0	7	4	5

--------------------
Cycle 19:	92	LSR X12, X12, X14

Registers
X00:	0	0	0	0	0	0	0	0
X08:	0	140	160	5	0	2	5	134217718
X16:	0	0	0	0	0	0	0	0
X24:	0	0	0	0	0	0	0	0

Data
124:	136	156	6	134217718	1	4	-1	5
156:	9	2	1	0	0	7	4	5

--------------------
Cycle 20:	96	EOR X15, X12, X13

Registers
X00:	0	0	0	0	0	0	0	0
X08:	0	140	160	5	0	2	5	2
X16:	0	0	0	0	0	0	0	0
X24:	0	0	0	0	0	0	0	0

Data
124:	136	156	6	134217718	1	4	-1	5
156:	9	2	1	0	0	7	4	5

--------------------
Cycle 21:	100	STUR X15, [X9, #0]

Registers
X00:	0	0	0	0	0	0	0	0
X08:	0	140	160	5	0	2	5	2
X16:	0	0	0	0	0	0	0	0
X24:	0	0	0	0	0	0	0	0

Data
124:	136	156	6	134217718	2	4	-1	5
156:	9	2	1	0	0	7	4	5

--------------------
Cycle 22:	104	ADDI X9, X9, #4

Registers
X00:	0	0	0	0	0	0	0	0
X08:	0	144	160	5	0	2	5	2
X16:	0	0	0	0	0	0	0	0
X24:	0	0	0	0	0	0	0	0

Data
124:	136	156	6	134217718	2	4	-1	5
156:	9	2	1	0	0	7	4	5

--------------------
Cycle 23:	108	ADDI X10, X10, #4

Registers
X00:	0	0	0	0	0	0	0	0
X08:	0	144	164	5	0	2	5	2
X16:	0	0	0	0	0	0	0	0
X24:	0	0	0	0	0	0	0	0

Data
124:	136	156	6	134217718	2	4	-1	5
156:	9	2	1	0	0	7	4	5

--------------------
Cycle 24:	112	SUBI X11, X11, #1

Registers
X00:	0	0	0	0	0	0	0	0
X08:	0	144	164	4	0	2	5	2
X16:	0	0	0	0	0	0	0	0
X24:	0	0	0	0	0	0	0	0

Data
124:	136	156	6	134217718	2	4	-1	5
156:	9	2	1	0	0	7	4	5

--------------------
Cycle 25:	116	CBNZ X11, #-10

Registers
X00:	0	0	0	0	0	0	0	0
X08:	0	144	164	4	0	2	5	2
X16:	0	0	0	0	0	0	0	0
X24:	0	0	0	0	0	0	0	0

Data
124:	136	156	6	134217718	2	4	-1	5
156:	9	2	1	0	0	7	4	5

--------------------
Cycle 26:	76	LDUR X12, [X9, #0]

Registers
X00:	0	0	0	0	0	0	0	0
X08:	0	144	164	4	4	2	5	2
X16:	0	0	0	0	0	0	0	0
X24:	0	0	0	0	0	0	0	0

Data
124:	136	156	6	134217718	2	4	-1	5
156:	9	2	1	0	0	7	4	5

--------------------
Cycle 27:	80	LDUR X13, [X10, #0]

Registers
X00:	0	0	0	0	0	0	0	0
X08:	0	144	164	4	4	1	5	2
X16:	0	0	0	0	0	0	0	0
X24:	0	0	0	0	0	0	0	0

Data
124:	136	156	6	134217718	2	4	-1	5
156:	9	2	1	0	0	7	4	5

--------------------
Cycle 28:	84	CBZ X13, #3

Registers
X00:	0	0	0	0	0	0	0	0
X08:	0	144	164	4	4	1	5	2
X16:	0	0	0	0	0	0	0	0
X24:	0	0	0	0	0	0	0	0

Data
124:	136	156	6	134217718	2	4	-1	5
156:	9	2	1	0	0	7	4	5

--------------------
Cycle 29:	88	LDUR X14, [XZR, #152]

Registers
X00:	0	0	0	0	0	0	0	0
X08:	0	144	164	4	4	1	5	2
X16:	0	0	0	0	0	0	0	0
X24:	0	0	0	0	0	0	0	0

Data
124:	136	156	6	134217718	2	4	-1	5
156:	9	2	1	0	0	7	4	5

--------------------
Cycle 30:	92	LSR X12, X12, X14

Registers
X00:	0	0	0	0	0	0	0	0
X08:	0	144	164	4	0	1	5	2
X16:	0	0	0	0	0	0	0	0
X24:	0	0	0	0	0	0	0	0

Data
124:	136	156	6	134217718	2	4	-1	5
156:	9	2	1	0	0	7	4	5

--------------------
Cycle 31:	96	EOR X15, X12, X13

Registers
X00:	0	0	0	0	0	0	0	0
X08:	0	144	164	4	0	1	5	1
X16:	0	0	0	0	0	0	0	0
X24:	0	0	0	0	0	0	0	0

Data
124:	136	156	6	134217718	2	4	-1	5
156:	9	2	1	0	0	7	4	5

--------------------
Cycle 32:	100	STUR X15, [X9, #0]

Registers
X00:	0	0	0	0	0	0	0	0
X08:	0	144	164	4	0	1	5	1
X16:	0	0	0	0	0	0	0	0
X24:	0	0	0	0	0	0	0	0

Data
124:	136	156	6	134217718	2	1	-1	5
156:	9	2	1	0	0	7	4	5

--------------------
Cycle 33:	104	ADDI X9, X9, #4

Registers
X00:	0	0	0	0	0	0	0	0
X08:	0	148	164	4	0	1	5	1
X16:	0	0	0	0	0	0	0	0
X24:	0	0	0	0	0	0	0	0

Data
124:	136	156	6	134217718	2	1	-1	5
156:	9	2	1	0	0	7	4	5

--------------------
Cycle 34:	108	ADDI X10, X10, #4

Registers
X00:	0	0	0	0	0	0	0	0
X08:	0	148	168	4	0	1	5	1
X16:	0	0	0	0	0	0	0	0
X24:	0	0	0	0	0	0	0	0

Data
124:	136	156	6	134217718	2	1	-1	5
156:	9	2	1	0	0	7	4	5

--------------------
Cycle 35:	112	SUBI X11, X11, #1

Registers
X00:	0	0	0	0	0	0	0	0
X08:	0	148	168	3	0	1	5	1
X16:	0	0	0	0	0	0	0	0
X24:	0	0	0	0	0	0	0	0

Data
124:	136	156	6	134217718	2	1	-1	5
156:	9	2	1	0	0	7	4	5

--------------------
Cycle 36:	116	CBNZ X11, #-10

Registers
X00:	0	0	0	0	0	0	0	0
X08:	0	148	168	3	0	1	5	1
X16:	0	0	0	0	0	0	0	0
X24:	0	0	0	0	0	0	0	0

Data
124:	136	156	6	134217718	2	1	-1	5
156:	9	2	1	0	0	7	4	5

--------------------
Cycle 37:	76	LDUR X12, [X9, #0]

Registers
X00:	0	0	0	0	0	0	0	0
X08:	0	148	168	3	-1	1	5	1
X16:	0	0	0	0	0	0	0	0
X24:	0	0	0	0	0	0	0	0

Data
124:	136	156	6	134217718	2	1	-1	5
156:	9	2	1	0	0	7	4	5

--------------------
Cycle 38:	80	LDUR X13, [X10, #0]

Registers
X00:	0	0	0	0	0	0	0	0
X08:	0	148	168	3	-1	0	5	1
X16:	0	0	0	0	0	0	0	0
X24:	0	0	0	0	0	0	0	0

Data
124:	136	156	6	134217718	2	1	-1	5
156:	9	2	1	0	0	7	4	5

--------------------
Cycle 39:	84	CBZ X13, #3

Registers
X00:	0	0	0	0	0	0	0	0
X08:	0	148	168	3	-1	0	5	1
X16:	0	0	0	0	0	0	0	0
X24:	0	0	0	0	0	0	0	0

Data
124:	136	156	6	134217718	2	1	-1	5
156:	9	2	1	0	0	7	4	5

--------------------
Cycle 40:	96	EOR X15, X12, X13

Registers
X00:	0	0	0	0	0	0	0	0
X08:	0	148	168	3	-1	0	5	-1
X16:	0	0	0	0	0	0	0	0
X24:	0	0	0	0	0	0	0	0

Data
124:	136	156	6	134217718	2	1	-1	5
156:	9	2	1	0	0	7	4	5

--------------------
Cycle 41:	100	STUR X15, [X9, #0]

Registers
X00:	0	0	0	0	0	0	0	0
X08:	0	148	168	3	-1	0	5	-1
X16:	0	0	0	0	0	0	0	0
X24:	0	0	0	0	0	0	0	0

Data
124:	136	156	6	134217718	2	1	-1	5
156:	9	2	1	0	0	7	4	5

--------------------
Cycle 42:	104	ADDI X9, X9, #4

Registers
X00:	0	0	0	0	0	0	0	0
X08:	0	152	168	3	-1	0	5	-1
X16:	0	0	0	0	0	0	0	0
X24:	0	0	0	0	0	0	0	0

Data
124:	136	156	6	134217718	2	1	-1	5
156:	9	2	1	0	0	7	4	5

--------------------
Cycle 43:	108	ADDI X10, X10, #4

Registers
X00:	0	0	0	0	0	0	0	0
X08:	0	152	172	3	-1	0	5	-1
X16:	0	0	0	0	0	0	0	0
X24:	0	0	0	0	0	0	0	0

Data
124:	136	156	6	134217718	2	1	-1	5
156:	9	2	1	0	0	7	4	5

--------------------
Cycle 44:	112	SUBI X11, X11, #1

Registers
X00:	0	0	0	0	0	0	0	0
X08:	0	152	172	2	-1	0	5	-1
X16:	0	0	0	0	0	0	0	0
X24:	0	0	0	0	0	0	0	0

Data
124:	136	156	6	134217718	2	1	-1	5
156:	9	2	1	0	0	7	4	5

--------------------
Cycle 45:	116	CBNZ X11, #-10

Registers
X00:	0	0	0	0	0	0	0	0
X08:	0	152	172	2	-1	0	5	-1
X16:	0	0	0	0	0	0	0	0
X24:	0	0	0	0	0	0	0	0

Data
124:	136	156	6	134217718	2	1	-1	5
156:	9	2	1	0	0	7	4	5

--------------------
Cycle 46:	76	LDUR X12, [X9, #0]

Registers
X00:	0	0	0	0	0	0	0	0
X08:	0	152	172	2	5	0	5	-1
X16:	0	0	0	0	0	0	0	0
X24:	0	0	0	0	0	0	0	0

Data
124:	136	156	6	134217718	2	1	-1	5
156:	9	2	1	0	0	7	4	5

--------------------
Cycle 47:	80	LDUR X13, [X10, #0]

Registers
X00:	0	0	0	0	0	0	0	0
X08:	0	152	172	2	5	0	5	-1
X16:	0	0	0	0	0	0	0	0
X24:	0	0	0	0	0	0	0	0

Data
124:	136	156	6	134217718	2	1	-1	5
156:	9	2	1	0	0	7	4	5

--------------------
Cycle 48:	84	CBZ X13, #3

Registers
X00:	0	0	0	0	0	0	0	0
X08:	0	152	172	2	5	0	5	-1
X16:	0	0	0	0	0	0	0	0
X24:	0	0	0	0	0	0	0	0

Data
124:	136	156	6	134217718	2	1	-1	5
156:	9	2	1	0	0	7	4	5

--------------------
Cycle 49:	96	EOR X15, X12, X13

Registers
X00:	0	0	0	0	0	0	0	0
X08:	0	152	172	2	5	0	5	5
X16:	0	0	0	0	0	0	0	0
X24:	0	0	0	0	0	0	0	0

Data
124:	136	156	6	134217718	2	1	-1	5
156:	9	2	1	0	0	7	4	5

--------------------
Cycle 50:	100	STUR X15, [X9, #0]

Registers
X00:	0	0	0	0	0	0	0	0
X08:	0	152	172	2	5	0	5	5
X16:	0	0	0	0	0	0	0	0
X24:	0	0	0	0	0	0	0	0

Data
124:	136	156	6	134217718	2	1	-1	5
156:	9	2	1	0	0	7	4	5

--------------------
Cycle 51:	104	ADDI X9, X9, #4

Registers
X00:	0	0	0	0	0	0	0	0
X08:	0	156	172	2	5	0	5	5
X16:	0	0	0	0	0	0	0	0
X24:	0	0	0	0	0	0	0	0

Data
124:	136	156	6	134217718	2	1	-1	5
156:	9	2	1	0	0	7	4	5

--------------------
Cycle 52:	108	ADDI X10, X10, #4

Registers
X00:	0	0	0	0	0	0	0	0
X08:	0	156	176	2	5	0	5	5
X16:	0	0	0	0	0	0	0	0
X24:	0	0	0	0	0	0	0	0

Data
124:	136	156	6	134217718	2	1	-1	5
156:	9	2	1	0	0	7	4	5

--------------------
Cycle 53:	112	SUBI X11, X11, #1

Registers
X00:	0	0	0	0	0	0	0	0
X08:	0	156	176	1	5	0	5	5
X16:	0	0	0	0	0	0	0	0
X24:	0	0	0	0	0	0	0	0

Data
124:	136	156	6	134217718	2	1	-1	5
156:	9	2	1	0	0	7	4	5

--------------------
Cycle 54:	116	CBNZ X11, #-10

Registers
X00:	0	0	0	0	0	0	0	0
X08:	0	156	176	1	5	0	5	5
X16:	0	0	0	0	0	0	0	0
X24:	0	0	0	0	0	0	0	0

Data
124:	136	156	6	134217718	2	1	-1	5
156:	9	2	1	0	0	7	4	5

--------------------
Cycle 55:	76	LDUR X12, [X9, #0]

Registers
X00:	0	0	0	0	0	0	0	0
X08:	0	156	176	1	9	0	5	5
X16:	0	0	0	0	0	0	0	0
X24:	0	0	0	0	0	0	0	0

Data
124:	136	156	6	134217718	2	1	-1	5
156:	9	2	1	0	0	7	4	5

--------------------
Cycle 56:	80	LDUR X13, [X10, #0]

Registers
X00:	0	0	0	0	0	0	0	0
X08:	0	156	176	1	9	7	5	5
X16:	0	0	0	0	0	0	0	0
X24:	0	0	0	0	0	0	0	0

Data
124:	136	156	6	134217718	2	1	-1	5
156:	9	2	1	0	0	7	4	5

--------------------
Cycle 57:	84	CBZ X13, #3

Registers
X00:	0	0	0	0	0	0	0	0
X08:	0	156	176	1	9	7	5	5
X16:	0	0	0	0	0	0	0	0
X24:	0	0	0	0	0	0	0	0

Data
124:	136	156	6	134217718	2	1	-1	5
156:	9	2	1	0	0	7	4	5

--------------------
Cycle 58:	88	LDUR X14, [XZR, #152]

Registers
X00:	0	0	0	0	0	0	0	0
X08:	0	156	176	1	9	7	5	5
X16:	0	0	0	0	0	0	0	0
X24:	0	0	0	0	0	0	0	0

Data
124:	136	156	6	134217718	2	1	-1	5
156:	9	2	1	0	0	7	4	5

--------------------
Cycle 59:	92	LSR X12, X12, X14

Registers
X00:	0	0	0	0	0	0	0	0
X08:	0	156	176	1	0	7	5	5
X16:	0	0	0	0	0	0	0	0
X24:	0	0	0	0	0	0	0	0

Data
124:	136	156	6	134217718	2	1	-1	5
156:	9	2	1	0	0	7	4	5

--------------------
Cycle 60:	96	EOR X15, X12, X13

Registers
X00:	0	0	0	0	0	0	0	0
X08:	0	156	176	1	0	7	5	7
X16:	0	0	0	0	0	0	0	0
X24:	0	0	0	0	0	0	0	0

Data
124:	136	156	6	134217718	2	1	-1	5
156:	9	2	1	0	0	7	4	5

--------------------
Cycle 61:	100	STUR X15, [X9, #0]

Registers
X00:	0	0	0	0	0	0	0	0
X08:	0	156	176	1	0	7	5	7
X16:	0	0	0	0	0	0	0	0
X24:	0	0	0	0	0	0	0	0

Data
124:	136	156	6	134217718	2	1	-1	5
156:	7	2	1	0	0	7	4	5

--------------------
Cycle 62:	104	ADDI X9, X9, #4

Registers
X00:	0	0	0	0	0	0	0	0
X08:	0	160	176	1	0	7	5	7
X16:	0	0	0	0	0	0	0	0
X24:	0	0	0	0	0	0	0	0

Data
124:	136	156	6	134217718	2	1	-1	5
156:	7	2	1	0	0	7	4	5

--------------------
Cycle 63:	108	ADDI X10, X10, #4

Registers
X00:	0	0	0	0	0	0	0	0
X08:	0	160	180	1	0	7	5	7
X16:	0	0	0	0	0	0	0	0
X24:	0	0	0	0	0	0	0	0

Data
124:	136	156	6	134217718	2	1	-1	5
156:	7	2	1	0	0	7	4	5

--------------------
Cycle 64:	112	SUBI X11, X11, #1

Registers
X00:	0	0	0	0	0	0	0	0
X08:	0	160	180	0	0	7	5	7
X16:	0	0	0	0	0	0	0	0
X24:	0	0	0	0	0	0	0	0

Data
124:	136	156	6	134217718	2	1	-1	5
156:	7	2	1	0	0	7	4	5

--------------------
Cycle 65:	116	CBNZ X11, #-10

Registers
X00:	0	0	0	0	0	0	0	0
X08:	0	160	180	0	0	7	5	7
X16:	0	0	0	0	0	0	0	0
X24:	0	0	0	0	0	0	0	0

Data
124:	136	156	6	134217718	2	1	-1	5
156:	7	2	1	0	0	7	4	5

--------------------
Cycle 66:	120	DUMMY

Registers
X00:	0	0	0	0	0	0	0	0
X08:	0	160	180	0	0	7	5	7
X16:	0	0	0	0	0	0	0	0
X24:	0	0	0	0	0	0	0	0

Data
124:	136	156	6	134217718	2	1	-1	5
156:	7	2	1	0	0	7	4	5

